0001000100000001 5
0001000100000010 3
0001000100000011 1
0001000100000100 1
0001000100000101 4
0001000100000110 2
0001000100000111 1
0001000100001000 1
0001000100001001 3
0001000100001010 1
0001000100001011 0
0001000100001100 0
0001000100001101 0
0001000100001110 3
0001000100001111 0
0001001000000001 0
0001001000000010 0
0001001000000011 0
0001001000000100 0
0001001100000001 0
0001001100000010 0
0001001100000011 0
0001001100000100 0
0001001100000101 0
0001001100000110 0
0001001100000111 0
0001001100001000 0
0001001100001001 0
0001001100001010 0
